40 64
3
2 2
2 1
2 1
2 8 1
5 11 1
1 2 15 1
1 18 1
1 17 1
1 19
1 21
1 23
2 14 7
2 14 7
1 6 4 5 2
8 4 1 4 2
8 6 1 2 1
8 12 1
9 11 1
6 15 1
2 4 8 5 1
2 6 5 1 2
2 5 5 1 1
2 4 6 1 2
3 2 1 7 1 3
5 1 4 1 4
6 1 2 2 4
7 3 1 5
9 1 3 6
12 3 7
13 9
24 5
11 13 5
12 9 5
13 6 6
15 5 3 2
10 6 4 3 1
12 15 1
13 12 2
1 14 6 2
2 16 3
3 17 4
23 3
24 4
25 4
16 8 4
15 9 5
16 9 4
16 7 3
17 7 1 3
17 6 2 1
17 6 1 3 1
16 6 4 1 1
13 2 3 2 2 1
12 3 1 2 1
11 5 1 1 1
10 2 1 1 1
9 1 1 1 2
8 1 3 2 1 2
15 2 1 1 2 1 1
9 2 2 5
1 1 3
3 2
4
5
14
16
15
19
21
23
25
26
28
29
31
9 32 1
2 4 30 2
2 39 2
1 42 2
2 10 21 6 2
2 11 11 9 3 2
15 10 10 1 2
19 9 10 2 2
14 5 4 5 15 1 1
9 4 3 4 3 15 2
9 8 4 3 11 2 2
10 1 4 1 3 3 11 2
17 3 2 10 3
21 1 3 2 8 3
23 1 4 3 2 2
24 1 9 2 2
10 10 1 1 9 7 1
8 13 9 2 1 1 2
9 1 3 2 1 1 9 2 4
2 9 4 2 1 6 3 3
2 16 1 4 2 5
2 10 4 3 5 3 1 7
1 14 4 4 5 2
2 8 2 12 9 2
13 13 10 3
5 14 21 2
8 18 4
7
